Python 3.12.0 (tags/v3.12.0:0fb18b0, Oct  2 2023, 13:03:39) [MSC v.1935 64 bit (AMD64)] on win32
Type "help", "copyright", "credits" or "license()" for more information.
>>> 
= RESTART: D:\Springdrive\T110\pyth\exercises\ch8\king_program7.py
Wind Chill Table
                   Temperature
MPH|   -20   -10     0    10    20    30    40    50    60
------------------------------------------------------------------

 0 |   -20   -10     0    10    20    30    40    50    60 
 5 |   -34   -22   -10     1    12    24    36    48    59 
10 |   -40   -28   -15    -3     8    21    33    46    58 
15 |   -45   -32   -19    -6     6    19    31    44    57 
20 |   -48   -35   -21    -8     4    17    30    43    56 
25 |   -50   -37   -24   -10     2    16    29    42    56 
30 |   -53   -39   -25   -12     1    14    28    42    55 
35 |   -54   -41   -27   -13     0    13    27    41    55 
40 |   -56   -42   -28   -14     0    13    26    40    54 
45 |   -58   -44   -29   -15    -1    12    26    40    54 
50 |   -59   -45   -31   -16    -2    11    25    39    54 
-------------------------------
Geoff King
CIS 110 
Thu Apr 25 13:23:38 2024
---------------------------------
